labels
0.4895719
0.5496749
0.42352903
0.5150595
0.43717864
0.507784
0.44712442
0.53193593
0.5028056
0.46049228
0.42959252
0.5367922
0.5124237
0.45666003
0.49454072
0.5018545
0.56099176
0.5392022
0.4473474
0.44728854
0.48157826
0.55412376
0.5318093
0.4327966
0.43647093
0.4386884
0.4985828
0.55973065
0.4598456
0.45326993
0.5878707
0.54266036
0.5549602
0.52330637
0.43717864
0.5145168
0.5490621
0.54241
0.3652892
0.5335336
0.43512547
0.48919034
0.55716044
0.49422476
0.55337906
0.45771247
0.5735241
0.4923892
0.48128924
0.4737978
0.45278782
0.4809598
0.43404704
0.45319495
0.52487135
0.54691976
0.5024735
0.4521163
0.5538478
0.46225667
0.43794906
0.47859496
0.5443904
0.5237483
0.55538803
0.39717147
0.49343663
0.39168492
0.5065031
0.5554022
0.55934167
0.4796023
0.5060893
0.5523772
0.5364785
0.5118021
0.50763035
0.55033684
0.51242274
0.55450344
0.45885807
0.3981731
0.45308006
0.5689567
0.4956997
0.5623048
0.48195767
0.57219416
0.5318093
0.46396238
0.43805003
0.43451306
0.43669954
0.45343092
0.44790095
0.43464637
0.5829013
0.52113223
0.4904445
0.43981695
0.4976513
0.5167147
0.4532225
0.4361781
0.45279747
0.52636313
0.5318093
0.52698
0.43762445
0.51682717
0.54359955
0.457532
0.5167147
0.47056538
0.4569185
0.5209378
0.5215845
0.4481752
0.49358675
0.47854346
0.54359305
0.4256543
0.48916113
0.41864654
0.45826486
0.44772732
0.5465852
0.5307337
0.50660485
0.50665337
0.43542075
0.5297695
0.45023188
0.44399098
0.43499297
0.536164
0.5206473
0.49463764
0.46520764
0.50264716
0.52094287
0.53953344
0.5811819
0.55436784
0.5331148
0.5348139
0.5878707
0.55033964
0.58354616
0.51461697
0.47574276
0.5053988
0.5811819
0.5494018
0.50018996
0.55410993
0.48480207
0.43946016
0.43732184
0.5036192
0.54613036
0.5209378
0.4336012
0.40110034
0.46187207
0.43800196
0.52631915
0.49999475
0.5138718
0.5072044
0.5190052
0.44480726
0.48026565
0.5515354
0.5118021
0.48101136
0.39788163
0.5067501
0.40132436
0.41280618
0.5516248
0.4589843
0.43928736
0.50515115
0.4344744
0.45256332
0.49168032
0.4660582
0.48133117
0.5256923
0.5680995
0.5590933
0.47056538
0.45074996
0.45771247
0.5319784
0.43658885
0.54603297
0.5614934
0.4478075
0.5077305
0.5601309
0.4702044
0.46020776
0.50443506
0.39283514
0.43542075
0.5242204
0.43732184
0.5264845
0.51190007
0.41365492
0.5068132
0.47203037
0.54870474
0.54078174
0.53688383
0.5344413
0.47181624
0.4427541
0.39447996
0.48157826
0.45514345
0.5204453
0.55285573
0.43512547
0.44569102
0.53116256
0.5319211
0.43512547
0.4844636
0.5175952
0.51133543
0.49959648
0.5537212
0.5420367
0.5665885
0.4724865
0.43946016
0.53023344
0.5411816
0.5214585
0.52659565
0.52431023
0.547396
0.4365276
0.46285018
0.5538478
0.57180953
0.5108766
0.5168011
0.47779593
0.3931607
0.43743455
0.53549457
0.40652323
0.54260254
0.39398733
0.5450291
0.5091701
0.55655074
0.498974
0.43464637
0.43740702
0.53218967
0.45018953
0.4324881
0.49505302
0.5710992
0.5062865
0.519079
0.4535995
0.52204883
0.56889164
0.4390756
0.5617534
0.52608126
0.5355711
0.5269757
0.535088
0.43512547
0.58229494
0.44816542
0.44741005
0.5512867
0.5544945
0.47304454
0.44259706
0.49927583
0.5206078
0.54081523
0.5539833
0.48970354
0.5067501
0.4423146
0.43404704
0.5073572
0.39024225
0.54425275
0.5778492
0.48656908
0.45475364
0.47408855
0.48390046
0.52638876
0.42799366
0.44948226
0.4560024
0.5562188
0.54129696
0.44610083
0.55210936
0.48652092
0.57005167
0.5233637
0.52214736
0.49682972
0.5394615
0.5135079
0.444583
0.5544945
0.48136714
0.5693413
0.51846164
0.51836085
0.539466
0.5052972
0.43797824
0.4571338
0.5583836
0.4946357
0.52120495
0.48915958
0.54236394
0.54729295
0.49231863
0.5436465
0.54954195
0.47996643
0.5409138
0.4341179
0.5638598
0.5612612
0.4494006
0.3931607
0.4374152
0.53199315
0.4571338
0.45353737
0.44158033
0.39704108
0.42501807
0.52860147
0.5195715
0.3914911
0.44230667
0.5106887
0.45679444
0.44493392
0.44613254
0.47447756
0.5215895
0.45344818
0.43717864
0.56807864
0.55088305
0.5729909
0.5878707
0.5091701
0.4994472
0.46448603
0.438532
0.5012045
0.56557643
0.51776904
0.53161985
0.45812625
0.55360717
0.5357553
0.5319176
0.57043624
0.45111257
0.5221833
0.44209895
0.4183867
0.46531168
0.57833153
0.5494915
0.4848465
0.46531168
0.43464637
0.44530937
0.53388906
0.5209658
0.58118165
0.55242246
0.48527828
0.448344
0.52631915
0.5223032
0.54279107
0.45763612
0.48222497
0.5614934
0.5082036
0.5815717
0.5805949
0.4556254
0.5201538
0.39850086
0.48596346
0.5022724
0.49228474
0.5428912
0.5017873
0.53193593
0.49089044
0.5226693
0.5084254
0.5344413
0.57541335
0.52333593
0.5024735
0.53895533
0.54669666
0.52804345
0.39005885
0.4375138
0.44057715
0.52156216
0.47239783
0.4896446
0.40719154
0.57763505
0.5250578
0.54091233
0.52970004
0.48423994
0.55192006
0.5747106
0.52813053
0.43717864
0.4647039
0.5232677
0.44642964
0.50660056
0.566585
0.5639639
0.55757725
0.4977332
0.48138788
0.4639888
0.5144903
0.4970865
0.43542075
0.53963435
0.43946016
0.55436784
0.45814615
0.5132102
0.4154387
0.56679845
0.50260484
0.4344744
0.53116256
0.5431948
0.48469305
0.5248804
0.56810397
0.45098627
0.54881006
0.5338685
0.58229494
0.47603804
0.4973371
0.5527561
0.46645042
0.38773054
0.43036646
0.50595385
0.4545245
0.49397135
0.5548137
0.50909203
0.43330902
0.57872057
0.565966
0.5605937
0.4810313
0.47866789
0.50059915
0.42788798
0.5181792
0.48210979
0.55237144
0.5139368
0.52448803
0.4496783
0.48657724
0.4836502
0.43937498
0.58369476
0.43083453
0.5516248
0.53199315
0.45591795
0.4828958
0.41071433
0.56780136
0.45278782
0.4967473
0.5773222
0.5096835
0.52680945
0.5529858
0.43922654
0.5186617
0.43820196
0.48793378
0.53193593
0.43542075
0.43237507
0.49499264
0.44800973
0.4499949
0.45316112
0.46021292
0.45044422
0.49265802
0.5106767
0.5548767
0.5170993
0.55399346
0.5166901
0.48064813
0.516912
0.5316085
0.45624122
0.44001096
0.43783313
0.4569185
0.43418342
0.5298488
0.580797
0.49921188
0.4319935
0.4571338
0.4764989
0.52452976
0.5143274
0.5248544
0.45694
0.52113223
0.5151764
0.56231874
0.5684336
0.45722365
0.43613574
0.45360044
0.5617675
0.45131958
0.51199543
0.41819286
0.4888664
0.42850462
0.5849365
0.5819477
0.42597002
0.40830708
0.51036954
0.44315493
0.507201
0.51194847
0.4879353
0.48230547
0.44352403
0.51095086
0.4419298
0.5621296
0.48494148
0.5401395
0.5061117
0.54935384
0.5200632
0.5587087
0.48919034
0.4495881
0.5009744
0.43916604
0.5331148
0.4747025
0.5366783
0.5659764
0.5527113
0.55436784
0.48157826
0.43849996
0.5395801
0.46996537
0.46691388
0.5530939
0.4955899
0.43717864
0.5157298
0.554537
0.42590126
0.5318093
0.4649271
0.55908954
0.4901559
0.54241
0.5286207
0.43631494
0.5478508
0.48222497
0.54451245
0.57768553
0.49122852
0.464665
0.5836244
0.41071433
0.56197923
0.44771466
0.46531168
0.5373423
0.4967473
0.43525213
0.5318093
0.49959648
0.5457474
0.470632
0.5814589
0.42740446
0.49028242
0.45131958
0.4423146
0.5463373
0.44661057
0.49704933
0.52781504
0.51133543
0.43516362
0.5611088
0.45024592
0.5209036
0.5237483
0.5318093
0.48751873
0.5476759
0.45152208
0.5401395
0.44264013
0.5148971
0.4559255
0.43549114
0.44230667
0.42998326
0.44493392
0.42926416
0.44292656
0.5496749
0.43717864
0.5052972
0.4909128
0.49499264
0.5563319
0.56645
0.4408452
0.5106887
0.5133388
0.451943
0.5643678
0.52198875
0.5151764
0.45986372
0.47574276
0.45648837
0.5465852
0.5683258
0.53873146
0.49462068
0.5036758
0.49786398
0.5319784
0.48176116
0.5177436
0.56679845
0.49219075
0.46258274
0.5318093
0.44302472
0.5204541
0.4373023
0.55940056
0.5478508
0.47824705
0.5527561
0.52639097
0.5021719
0.5680995
0.509217
0.43613574
0.45737082
0.43542075
0.5149371
0.48781797
0.42883426
0.43512547
0.53015995
0.40415996
0.4007545
0.5355986
0.5878707
0.43937498
0.44302472
0.503757
0.4488841
0.43679404
0.5576466
0.39730322
0.5209198
0.45278782
0.44390568
0.5609708
0.517561
0.4646262
0.45976326
0.5548767
0.5561402
0.43287748
0.48128924
0.56038034
0.5476775
0.5794237
0.5124237
0.41806114
0.5322551
0.5026113
0.54545546
0.46402887
0.46202672
0.43669954
0.49265802
0.54691976
0.5280869
0.5157229
0.56394017
0.4810546
0.53193593
0.5542101
0.5064739
0.43665358
0.46781492
0.5536779
0.4850892
0.5082449
0.5193314
0.50944775
0.5002673
0.46024674
0.5318093
0.49053192
0.50625545
0.52284724
0.564499
0.5058272
0.46020603
0.49695164
0.53704774
0.54767054
0.5179679
0.5067
0.4370889
0.5499753
0.48222497
0.43391532
0.5373423
0.50224036
0.43512547
0.3901742
0.43075106
0.5124237
0.5209036
0.43287748
0.5003949
0.4209468
0.5560217
0.53481096
0.44398648
0.4528448
0.43781257
0.52739793
0.55436784
0.5102568
0.44858608
0.52523994
0.42701986
0.5318093
0.5710992
0.5581029
0.5570131
0.50935364
0.43797538
0.43997633
0.5320675
0.44187006
0.528586
0.44850203
0.4872316
0.5445178
0.52003074
0.57219416
0.5814329
0.47668234
0.4850892
0.4880767
0.5609007
0.52077484
0.5643678
0.5080791
0.4366717
0.49545348
0.40470606
0.5404331
0.49166867
0.4082649
0.44356993
0.5547645
0.5060039
0.48505363
0.5127883
0.56619215
0.5516248
0.5344413
0.510042
0.44596684
0.5248804
0.44087338
0.5344049
0.49097523
0.4895719
0.4715383
0.4421897
0.55663145
0.51128906
0.5454935
0.5117813
0.51882356
0.40755475
0.39084437
0.39717147
0.42254567
0.48586407
0.52822244
0.44803038
0.4863097
0.51199543
0.55180097
0.4730971
0.51427436
0.479479
0.53142536
0.5068308
0.5106887
0.47938496
0.5245756
0.5544945
0.5599958
0.44062302
0.49833038
0.41405034
0.46525824
0.55436784
0.4505552
0.43717864
0.53001624
0.5512169
0.54695714
0.5205314
0.47800064
0.45579374
0.40442675
0.47585762
0.53155136
0.40110034
0.44087338
0.55410993
0.54091233
0.5191697
0.43088663
0.5576308
0.51133543
0.43679404
0.4668352
0.5611272
0.49246156
0.559409
0.45563406
0.46681204
0.43937498
0.51133543
0.54323417
0.5093953
0.47441557
0.5724715
0.54483765
0.3935453
0.58810157
0.5819477
0.4461843
0.39672258
0.57068175
0.5344413
0.48999724
0.40256247
0.3938047
0.49067247
0.52486134
0.55995613
0.49264792
0.4419298
0.54371357
0.49475762
0.48094082
0.43399054
0.57219416
0.5578947
0.5433375
0.55396986
0.58229494
0.44936973
0.44227862
0.43381688
0.52865565
0.58229494
0.5045804
0.44604504
0.55169934
0.56491935
0.545541
0.45278782
0.45012876
0.54987794
0.42921913
0.47179756
0.554937
0.4825582
0.5123282
0.5839044
0.55067825
0.47075224
0.48905268
0.56236416
0.44313043
0.5457251
0.5720038
0.51390296
0.39788163
0.43849996
0.5693413
0.43336758
0.5653441
0.538804
0.43418342
0.5710992
0.55797625
0.5561402
0.51247495
0.44642964
0.45607382
0.43717864
0.57422936
0.550734
0.55210936
0.44683388
0.54576075
0.4660197
0.43937498
0.4796782
0.5989897
0.5344413
0.57005167
0.57452905
0.5215895
0.5201934
0.48042282
0.47283256
0.53892106
0.5179276
0.54691976
0.5317774
0.5706508
0.46531168
0.55210936
0.5512473
0.54627305
0.5374664
0.54000306
0.40366748
0.41316435
